[gd_scene load_steps=8 format=3 uid="uid://b7t5ikxw5ss4v"]

[ext_resource type="PackedScene" uid="uid://wau1v6llhvjr" path="res://player/player.tscn" id="1_b24gq"]
[ext_resource type="Texture2D" uid="uid://ch2xk3dj0243j" path="res://env/grass.png" id="2_1eksi"]
[ext_resource type="PackedScene" uid="uid://c43c30lorev5e" path="res://mob.tscn" id="3_ji5yb"]

[sub_resource type="ProceduralSkyMaterial" id="ProceduralSkyMaterial_3s6vy"]
sky_horizon_color = Color(0.64625, 0.65575, 0.67075, 1)
ground_horizon_color = Color(0.64625, 0.65575, 0.67075, 1)

[sub_resource type="Sky" id="Sky_arf61"]
sky_material = SubResource("ProceduralSkyMaterial_3s6vy")

[sub_resource type="Environment" id="Environment_0pfe0"]
background_mode = 2
sky = SubResource("Sky_arf61")
tonemap_mode = 2
glow_enabled = true

[sub_resource type="StandardMaterial3D" id="StandardMaterial3D_rnmik"]
albedo_texture = ExtResource("2_1eksi")
uv1_scale = Vector3(0.3, 0.3, 0.3)
uv1_triplanar = true

[node name="World" type="Node3D"]

[node name="DirectionalLight3D" type="DirectionalLight3D" parent="."]
transform = Transform3D(-0.866025, -0.433013, 0.25, 0, 0.5, 0.866025, -0.5, 0.75, -0.433013, 0, 0, 0)
shadow_enabled = true

[node name="WorldEnvironment" type="WorldEnvironment" parent="."]
environment = SubResource("Environment_0pfe0")

[node name="Player" parent="." instance=ExtResource("1_b24gq")]

[node name="CSGBox3D" type="CSGBox3D" parent="."]
transform = Transform3D(1, 0.000183318, 0.000740235, -0.000183874, 1, 0.000691894, -0.000740097, -0.000692042, 0.999999, 0, 0, 0)
material_override = SubResource("StandardMaterial3D_rnmik")
use_collision = true
size = Vector3(50, 0, 50)

[node name="Testificate" parent="." instance=ExtResource("3_ji5yb")]
transform = Transform3D(0.582719, 0, 0.812674, 0, 1, 0, -0.812674, 0, 0.582719, -0.141831, 0, -7.07656)

[node name="Testificate2" parent="." instance=ExtResource("3_ji5yb")]
transform = Transform3D(-0.987356, 0, -0.15852, 0, 1, 0, 0.15852, 0, -0.987356, 9.50842, 4.76837e-07, -1.83689)

[node name="Testificate3" parent="." instance=ExtResource("3_ji5yb")]
transform = Transform3D(0.494063, 0, -0.869426, 0, 1, 0, 0.869426, 0, 0.494063, -7.64659, 4.76837e-07, 3.45393)
